TABLE NO.     1: Laplacian Conditional Estimation with Interaction: Problem=1 Subproblem=0 Superproblem1=0 Iteration1=0 Superproblem2=0 Iteration2=0
 NAME         THETA1       THETA2       THETA3       THETA4       THETA5       THETA6       SIGMA(1,1)   OMEGA(1,1)   OMEGA(2,1)   OMEGA(2,2)   OMEGA(3,1)   OMEGA(3,2)   OMEGA(3,3)   OMEGA(4,1)   OMEGA(4,2)   OMEGA(4,3)   OMEGA(4,4)
 THETA1        2.41781E-05 -6.38058E-06  3.17723E-04  2.86397E-03  7.62729E-07 -6.15001E-06  0.00000E+00  4.35696E-06  0.00000E+00  1.03226E-05  0.00000E+00  0.00000E+00  3.98419E-04  0.00000E+00  0.00000E+00  0.00000E+00 -3.87107E-04
 THETA2       -6.38058E-06  4.21742E-05 -3.82742E-04 -3.50301E-03  3.09369E-07 -1.66442E-05  0.00000E+00  3.31080E-06  0.00000E+00 -3.76646E-05  0.00000E+00  0.00000E+00 -2.84197E-04  0.00000E+00  0.00000E+00  0.00000E+00  2.73594E-04
 THETA3        3.17723E-04 -3.82742E-04  1.92218E+00  1.74307E+01 -1.01323E-04  3.36548E-04  0.00000E+00 -4.18401E-04  0.00000E+00  5.29496E-04  0.00000E+00  0.00000E+00  8.40092E-02  0.00000E+00  0.00000E+00  0.00000E+00 -8.33998E-02
 THETA4        2.86397E-03 -3.50301E-03  1.74307E+01  1.58068E+02 -9.23031E-04  3.03610E-03  0.00000E+00 -3.69979E-03  0.00000E+00  4.60536E-03  0.00000E+00  0.00000E+00  7.58874E-01  0.00000E+00  0.00000E+00  0.00000E+00 -7.53375E-01
 THETA5        7.62729E-07  3.09369E-07 -1.01323E-04 -9.23031E-04  1.47167E-06 -8.96473E-06  0.00000E+00 -2.23348E-07  0.00000E+00 -2.69110E-06  0.00000E+00  0.00000E+00  5.07594E-05  0.00000E+00  0.00000E+00  0.00000E+00 -4.92702E-05
 THETA6       -6.15001E-06 -1.66442E-05  3.36548E-04  3.03610E-03 -8.96473E-06  2.36846E-04  0.00000E+00 -2.83196E-05  0.00000E+00  6.06229E-05  0.00000E+00  0.00000E+00 -2.27495E-04  0.00000E+00  0.00000E+00  0.00000E+00  2.13205E-04
 SIGMA(1,1)    0.00000E+00  0.00000E+00  0.00000E+00  0.00000E+00  0.00000E+00  0.00000E+00  0.00000E+00  0.00000E+00  0.00000E+00  0.00000E+00  0.00000E+00  0.00000E+00  0.00000E+00  0.00000E+00  0.00000E+00  0.00000E+00  0.00000E+00
 OMEGA(1,1)    4.35696E-06  3.31080E-06 -4.18401E-04 -3.69979E-03 -2.23348E-07 -2.83196E-05  0.00000E+00  5.24107E-05  0.00000E+00 -3.54110E-05  0.00000E+00  0.00000E+00 -1.24255E-04  0.00000E+00  0.00000E+00  0.00000E+00  1.14222E-04
 OMEGA(2,1)    0.00000E+00  0.00000E+00  0.00000E+00  0.00000E+00  0.00000E+00  0.00000E+00  0.00000E+00  0.00000E+00  0.00000E+00  0.00000E+00  0.00000E+00  0.00000E+00  0.00000E+00  0.00000E+00  0.00000E+00  0.00000E+00  0.00000E+00
 OMEGA(2,2)    1.03226E-05 -3.76646E-05  5.29496E-04  4.60536E-03 -2.69110E-06  6.06229E-05  0.00000E+00 -3.54110E-05  0.00000E+00  7.04479E-04  0.00000E+00  0.00000E+00  5.19006E-04  0.00000E+00  0.00000E+00  0.00000E+00 -5.53026E-04
 OMEGA(3,1)    0.00000E+00  0.00000E+00  0.00000E+00  0.00000E+00  0.00000E+00  0.00000E+00  0.00000E+00  0.00000E+00  0.00000E+00  0.00000E+00  0.00000E+00  0.00000E+00  0.00000E+00  0.00000E+00  0.00000E+00  0.00000E+00  0.00000E+00
 OMEGA(3,2)    0.00000E+00  0.00000E+00  0.00000E+00  0.00000E+00  0.00000E+00  0.00000E+00  0.00000E+00  0.00000E+00  0.00000E+00  0.00000E+00  0.00000E+00  0.00000E+00  0.00000E+00  0.00000E+00  0.00000E+00  0.00000E+00  0.00000E+00
 OMEGA(3,3)    3.98419E-04 -2.84197E-04  8.40092E-02  7.58874E-01  5.07594E-05 -2.27495E-04  0.00000E+00 -1.24255E-04  0.00000E+00  5.19006E-04  0.00000E+00  0.00000E+00  4.58528E-01  0.00000E+00  0.00000E+00  0.00000E+00 -4.57814E-01
 OMEGA(4,1)    0.00000E+00  0.00000E+00  0.00000E+00  0.00000E+00  0.00000E+00  0.00000E+00  0.00000E+00  0.00000E+00  0.00000E+00  0.00000E+00  0.00000E+00  0.00000E+00  0.00000E+00  0.00000E+00  0.00000E+00  0.00000E+00  0.00000E+00
 OMEGA(4,2)    0.00000E+00  0.00000E+00  0.00000E+00  0.00000E+00  0.00000E+00  0.00000E+00  0.00000E+00  0.00000E+00  0.00000E+00  0.00000E+00  0.00000E+00  0.00000E+00  0.00000E+00  0.00000E+00  0.00000E+00  0.00000E+00  0.00000E+00
 OMEGA(4,3)    0.00000E+00  0.00000E+00  0.00000E+00  0.00000E+00  0.00000E+00  0.00000E+00  0.00000E+00  0.00000E+00  0.00000E+00  0.00000E+00  0.00000E+00  0.00000E+00  0.00000E+00  0.00000E+00  0.00000E+00  0.00000E+00  0.00000E+00
 OMEGA(4,4)   -3.87107E-04  2.73594E-04 -8.33998E-02 -7.53375E-01 -4.92702E-05  2.13205E-04  0.00000E+00  1.14222E-04  0.00000E+00 -5.53026E-04  0.00000E+00  0.00000E+00 -4.57814E-01  0.00000E+00  0.00000E+00  0.00000E+00  4.57179E-01
