TABLE NO.     1: Laplacian Conditional Estimation with Interaction: Problem=1 Subproblem=0 Superproblem1=0 Iteration1=0 Superproblem2=0 Iteration2=0
 NAME         THETA1       THETA2       THETA3       THETA4       THETA5       THETA6       SIGMA(1,1)   OMEGA(1,1)   OMEGA(2,1)   OMEGA(2,2)   OMEGA(3,1)   OMEGA(3,2)   OMEGA(3,3)   OMEGA(4,1)   OMEGA(4,2)   OMEGA(4,3)   OMEGA(4,4)
 THETA1        4.91712E-03 -1.99814E-01  4.66058E-02  4.63271E-02  1.27866E-01 -8.12703E-02  0.00000E+00  1.22395E-01  0.00000E+00  7.90937E-02  0.00000E+00  0.00000E+00  1.19659E-01  0.00000E+00  0.00000E+00  0.00000E+00 -1.16433E-01
 THETA2       -1.99814E-01  6.49417E-03 -4.25094E-02 -4.29039E-02  3.92688E-02 -1.66535E-01  0.00000E+00  7.04205E-02  0.00000E+00 -2.18512E-01  0.00000E+00  0.00000E+00 -6.46269E-02  0.00000E+00  0.00000E+00  0.00000E+00  6.23075E-02
 THETA3        4.66058E-02 -4.25094E-02  1.38643E+00  9.99993E-01 -6.02426E-02  1.57731E-02  0.00000E+00 -4.16855E-02  0.00000E+00  1.43890E-02  0.00000E+00  0.00000E+00  8.94842E-02  0.00000E+00  0.00000E+00  0.00000E+00 -8.89661E-02
 THETA4        4.63271E-02 -4.29039E-02  9.99993E-01  1.25725E+01 -6.05187E-02  1.56914E-02  0.00000E+00 -4.06486E-02  0.00000E+00  1.38009E-02  0.00000E+00  0.00000E+00  8.91385E-02  0.00000E+00  0.00000E+00  0.00000E+00 -8.86231E-02
 THETA5        1.27866E-01  3.92688E-02 -6.02426E-02 -6.05187E-02  1.21312E-03 -4.80174E-01  0.00000E+00 -2.54311E-02  0.00000E+00 -8.35778E-02  0.00000E+00  0.00000E+00  6.17915E-02  0.00000E+00  0.00000E+00  0.00000E+00 -6.00670E-02
 THETA6       -8.12703E-02 -1.66535E-01  1.57731E-02  1.56914E-02 -4.80174E-01  1.53898E-02  0.00000E+00 -2.54182E-01  0.00000E+00  1.48412E-01  0.00000E+00  0.00000E+00 -2.18301E-02  0.00000E+00  0.00000E+00  0.00000E+00  2.04890E-02
 SIGMA(1,1)    0.00000E+00  0.00000E+00  0.00000E+00  0.00000E+00  0.00000E+00  0.00000E+00  0.00000E+00  0.00000E+00  0.00000E+00  0.00000E+00  0.00000E+00  0.00000E+00  0.00000E+00  0.00000E+00  0.00000E+00  0.00000E+00  0.00000E+00
 OMEGA(1,1)    1.22395E-01  7.04205E-02 -4.16855E-02 -4.06486E-02 -2.54311E-02 -2.54182E-01  0.00000E+00  7.23953E-03  0.00000E+00 -1.84287E-01  0.00000E+00  0.00000E+00 -2.53467E-02  0.00000E+00  0.00000E+00  0.00000E+00  2.33344E-02
 OMEGA(2,1)    0.00000E+00  0.00000E+00  0.00000E+00  0.00000E+00  0.00000E+00  0.00000E+00  0.00000E+00  0.00000E+00  0.00000E+00  0.00000E+00  0.00000E+00  0.00000E+00  0.00000E+00  0.00000E+00  0.00000E+00  0.00000E+00  0.00000E+00
 OMEGA(2,2)    7.90937E-02 -2.18512E-01  1.43890E-02  1.38009E-02 -8.35778E-02  1.48412E-01  0.00000E+00 -1.84287E-01  0.00000E+00  2.65420E-02  0.00000E+00  0.00000E+00  2.88772E-02  0.00000E+00  0.00000E+00  0.00000E+00 -3.08155E-02
 OMEGA(3,1)    0.00000E+00  0.00000E+00  0.00000E+00  0.00000E+00  0.00000E+00  0.00000E+00  0.00000E+00  0.00000E+00  0.00000E+00  0.00000E+00  0.00000E+00  0.00000E+00  0.00000E+00  0.00000E+00  0.00000E+00  0.00000E+00  0.00000E+00
 OMEGA(3,2)    0.00000E+00  0.00000E+00  0.00000E+00  0.00000E+00  0.00000E+00  0.00000E+00  0.00000E+00  0.00000E+00  0.00000E+00  0.00000E+00  0.00000E+00  0.00000E+00  0.00000E+00  0.00000E+00  0.00000E+00  0.00000E+00  0.00000E+00
 OMEGA(3,3)    1.19659E-01 -6.46269E-02  8.94842E-02  8.91385E-02  6.17915E-02 -2.18301E-02  0.00000E+00 -2.53467E-02  0.00000E+00  2.88772E-02  0.00000E+00  0.00000E+00  6.77147E-01  0.00000E+00  0.00000E+00  0.00000E+00 -9.99914E-01
 OMEGA(4,1)    0.00000E+00  0.00000E+00  0.00000E+00  0.00000E+00  0.00000E+00  0.00000E+00  0.00000E+00  0.00000E+00  0.00000E+00  0.00000E+00  0.00000E+00  0.00000E+00  0.00000E+00  0.00000E+00  0.00000E+00  0.00000E+00  0.00000E+00
 OMEGA(4,2)    0.00000E+00  0.00000E+00  0.00000E+00  0.00000E+00  0.00000E+00  0.00000E+00  0.00000E+00  0.00000E+00  0.00000E+00  0.00000E+00  0.00000E+00  0.00000E+00  0.00000E+00  0.00000E+00  0.00000E+00  0.00000E+00  0.00000E+00
 OMEGA(4,3)    0.00000E+00  0.00000E+00  0.00000E+00  0.00000E+00  0.00000E+00  0.00000E+00  0.00000E+00  0.00000E+00  0.00000E+00  0.00000E+00  0.00000E+00  0.00000E+00  0.00000E+00  0.00000E+00  0.00000E+00  0.00000E+00  0.00000E+00
 OMEGA(4,4)   -1.16433E-01  6.23075E-02 -8.89661E-02 -8.86231E-02 -6.00670E-02  2.04890E-02  0.00000E+00  2.33344E-02  0.00000E+00 -3.08155E-02  0.00000E+00  0.00000E+00 -9.99914E-01  0.00000E+00  0.00000E+00  0.00000E+00  6.76150E-01
